200,0
200,0
200,0
200,0
200,0
200,0
200,0
200,0
200,0
200,0
200,0
200,0
200,0
200,0
200,0
200,0
200,0
200,0
200,0
200,0
200,0
200,0
200,0
200,0
200,0
200,0
200,0
200,0
200,0
200,0
200,0
200,0
200,0
200,0
200,0
200,0
200,0
200,0
200,0
200,0
200,0
200,0
200,0
200,0
200,0
200,0
200,0
200,0
200,0
200,0
200,0
200,0
200,0
200,0
200,0
200,0
200,0
200,0
200,0
200,0
200,0
200,0
200,0
200,0
200,0
200,0
200,0
200,0
200,0
200,0
200,0
200,0
200,0
200,0
200,0
200,0
200,0
200,0
200,0
200,0
200,0
200,0
200,0
200,0
200,0
200,0
200,0
200,0
200,0
200,0
200,0
200,0
200,0
200,0
200,0
200,0
200,0
200,0
200,0
200,0
200,0
200,0
200,0
200,0
200,0
200,0
200,0
200,0
200,0
200,0
200,0
200,0
200,0
200,0
200,0
200,0
200,0
200,0
200,0
200,0
200,0
200,0
200,0
200,0
200,0
200,0
200,0
200,0
200,0
200,0
200,0
200,0
200,0
200,0
200,0
200,0
200,0
200,0
200,0
200,0
200,0
200,0
200,0
200,0
200,0
200,0
200,0
200,0
200,0
200,0
200,0
200,0
200,0
200,0
200,0
200,0
200,0
200,0
200,0
200,0
200,0
200,0
200,0
200,0
200,0
200,0
200,0
200,0
200,0
200,0
200,0
200,0
200,0
200,0
200,0
200,0
200,0
200,0
200,0
200,0
200,0
200,0
200,0
200,0
200,0
200,0
200,0
200,0
200,0
200,0
200,0
200,0
200,0
200,0
200,3
200,3
200,3
200,3
200,3
200,3
200,3
200,3
200,3
200,3
200,3
200,3
200,3
200,3
200,3
200,3
200,3
200,3
200,3
200,3
200,3
200,3
200,3
200,3
200,3
200,3
200,3
200,3
200,3
200,3
200,3
200,3
200,3
200,3
200,3
200,3
200,3
200,3
200,3
200,3
200,3
200,3
200,3
200,3
200,3
200,3
200,3
200,3
200,3
200,3
200,3
200,3
200,3
200,3
200,3
200,3
200,3
200,3
200,3
200,3
200,3
200,3
200,3
200,3
200,3
200,3
200,3
200,3
200,3
200,3
200,3
200,3
200,3
200,3
200,3
200,3
200,3
200,3
200,3
200,3
200,3
200,3
200,3
200,3
200,3
200,3
200,3
200,3
200,3
200,3
200,3
200,3
200,3
200,3
200,3
200,3
200,3
200,3
200,3
200,3
200,3
200,3
200,3
200,3
200,3
200,3
200,3
200,3
200,3
200,3
200,3
200,3
200,3
200,3
200,3
200,3
200,3
200,3
200,3
200,3
200,3
200,3
200,3
200,3
200,3
200,3
200,3
200,3
200,3
200,3
200,3
200,3
200,3
200,3
200,3
200,3
200,3
200,3
200,3
200,3
200,3
200,3
200,3
200,3
200,.15
459,.15
718,.15
977,.15
1236,.15
1495,.15
1754,.15
2013,.15
2272,.15
2531,.15
2790,.15
3049,.15
3308,.15
3567,.15
3826,.15
4085,.15
4344,.15
4603,.15
4862,.15
5121,.15
5373,.15
5114,.15
4855,.15
4596,.15
4337,.15
4078,.15
3819,.15
3560,.15
3301,.15
3042,.15
2783,.15
2524,.15
2265,.15
2006,.15
1747,.15
1488,.15
1229,.15
970,.15
711,.15
452,.15
200,.15
459,.15
718,.15
977,.15
1236,.15
1495,.15
1754,.15
2013,.15
2272,.15
2531,.15
2790,.15
3049,.15
3308,.15
3567,.15
3826,.15
4085,.15
4344,.15
4603,.15
4862,.15
5121,.15
5373,.15
5114,.15
4855,.15
4596,.15
4337,.15
4078,.15
3819,.15
3560,.15
3301,.15
3042,.15
2783,.15
2524,.15
2265,.15
2006,.15
1747,.15
1488,.15
1229,.15
970,.15
711,.15
452,.15
200,.15
459,.15
718,.15
977,.15
1236,.15
1495,.15
1754,.15
2013,.15
2272,.15
2531,.15
2790,.15
3049,.15
3308,.15
3567,.15
3826,.15
4085,.15
4344,.15
4603,.15
4862,.15
5121,.15
5373,.15
5114,.15
4855,.15
4596,.15
4337,.15
4078,.15
3819,.15
3560,.15
3301,.15
3042,.15
2783,.15
2524,.15
2265,.15
2006,.15
1747,.15
1488,.15
1229,.15
970,.15
711,.15
452,.15
200,.15
459,.15
718,.15
977,.15
1236,.15
1495,.15
1754,.15
2013,.15
2272,.15
2531,.15
2790,.15
3049,.15
3308,.15
3567,.15
3826,.15
4085,.15
4344,.15
4603,.15
4862,.15
5121,.15
5373,.15
5114,.15
4855,.15
4596,.15
4337,.15
4078,.15
3819,.15
3560,.15
3301,.15
3042,.15
2783,.15
2524,.15
2265,.15
2006,.15
1747,.15
1488,.15
1229,.15
970,.15
711,.15
452,.15
200,3
200,3
200,3
200,3
200,3
200,3
200,3
200,3
200,3
200,3
200,3
200,3
200,3
200,3
200,3
200,3
200,3
200,3
200,3
200,3
200,3
200,3
200,3
200,3
200,3
200,3
200,3
200,3
200,3
200,3
200,3
200,3
200,3
200,3
200,3
200,3
200,3
200,3
200,3
200,3
200,3
200,3
200,3
200,3
200,3
200,3
200,3
200,3
200,3
200,3
200,3
200,3
200,3
200,3
200,3
200,3
200,3
200,3
200,3
300,3
300,3
300,3
300,3
400,3
400,3
400,3
500,3
500,3
600,3
600,3
700,3
800,3
900,3
1000,3
1000,3
1100,3
1200,3
1300,3
1400,3
1500,3
1500,3
1600,3
1700,3
1800,3
1900,3
2000,3
2100,3
2100,3
2200,3
2300,3
2400,3
2400,3
2400,3
2400,3
2400,3
2400,3
2400,3
2400,3
2400,3
2400,3
2500,3
2600,3
2700,3
2800,3
2900,3
3000,3
3000,3
3000,3
3000,3
3000,3
3000,3
3000,3
3000,3
3000,.15
2888,.15
2776,.15
2664,.15
2552,.15
2440,.15
2328,.15
2216,.15
2104,.15
1992,.15
1880,.15
1768,.15
1656,.15
1544,.15
1432,.15
1320,.15
1208,.15
1096,.15
984,.15
872,.15
767,.15
879,.15
991,.15
1103,.15
1215,.15
1327,.15
1439,.15
1551,.15
1663,.15
1775,.15
1887,.15
1999,.15
2111,.15
2223,.15
2335,.15
2447,.15
2559,.15
2671,.15
2783,.15
2895,.15
3000,3
3000,3
3000,3
3000,3
3000,3
3000,.15
3579,.15
4158,.15
4737,.15
5316,.15
5895,.15
6474,.15
7053,.15
7632,.15
8211,.15
8790,.15
9369,.15
9948,.15
10527,.15
11106,.15
11685,.15
12264,.15
12843,.15
13422,.15
14001,.15
14580,.15
14586,.15
14007,.15
13428,.15
12849,.15
12270,.15
11691,.15
11112,.15
10533,.15
9954,.15
9375,.15
8796,.15
8217,.15
7638,.15
7059,.15
6480,.15
5901,.15
5322,.15
4743,.15
4164,.15
3585,.15
3006,.15
3000,3
3000,3
3000,3
3000,3
3000,3
3000,3
3000,3
3000,3
3000,3
3000,3
3000,3
3000,3
3000,3
3000,3
3000,3
3000,3
3000,3
3000,3
3000,3
3000,3
3000,3
3000,3
3000,3
3000,3
3000,3
3000,3
3000,3
3000,3
3000,3
3000,3
3000,3
3000,3
3000,3
3000,3
3000,3
3000,3
3000,3
3000,3
3000,3
3000,3
3000,3
3000,3
3000,3
3000,3
3000,3
3000,3
3000,3
3000,3
3000,3
3000,3
3000,3
3000,3
3000,3
3000,3
3000,3
3000,3
3000,3
3000,3
3000,3
3000,3
3000,3
3000,3
3000,3
3000,3
3000,3
3000,3
3000,3
3000,3
3000,3
3000,3
3000,3
3000,3
3000,3
3000,3
3000,3
3000,3
3000,3
3000,3
3000,3
3000,3
3000,3
3000,3
3000,3
3000,3
3100,3
3200,3
3200,3
3200,3
3300,3
3400,3
3400,3
3500,3
3600,3
3700,3
3800,3
3800,3
3900,3
3900,3
3900,3
3900,3
3900,3
3800,3
3700,3
3700,3
3600,3
3500,3
3400,3
3300,3
3200,3
3100,3
3000,3
2900,3
2800,3
2800,3
2700,3
2600,3
2500,3
2400,3
2300,3
2300,3
2200,3
2100,3
2000,3
2000,3
1900,3
1800,3
1800,3
1800,3
1800,3
1800,3
1800,3
1800,3
1800,3
1800,3
1800,3
1800,3
1800,.15
2094,.15
2388,.15
2682,.15
2976,.15
3270,.15
3564,.15
3858,.15
4152,.15
4446,.15
4740,.15
5034,.15
5328,.15
5622,.15
5916,.15
6210,.15
6504,.15
6798,.15
7092,.15
7386,.15
7676,.15
7382,.15
7088,.15
6794,.15
6500,.15
6206,.15
5912,.15
5618,.15
5324,.15
5030,.15
4736,.15
4442,.15
4148,.15
3854,.15
3560,.15
3266,.15
2972,.15
2678,.15
2384,.15
2090,.15
1800,3
1800,3
1800,3
1800,3
1800,3
1800,3
1800,3
1900,3
1900,3
2000,3
2100,3
2200,3
2300,3
2300,3
2400,3
2500,3
2600,3
2700,3
2800,3
2900,3
2900,3
3000,3
3100,3
3200,3
3200,3
3200,3
3300,3
3300,3
3300,3
3400,3
3500,3
3600,3
3600,3
3700,3
3800,3
3900,3
4000,3
4100,3
4100,3
4100,3
4100,3
4100,3
4100,3
4100,3
4100,3
4100,3
4100,3
4100,3
4100,3
4100,3
4100,3
4100,3
4100,3
4100,3
4100,3
4100,3
4100,3
4100,3
4100,3
4100,3
4100,3
4100,3
4100,3
4100,3
4100,3
4100,3
4100,3
4100,3
4100,3
4100,3
4100,3
4100,3
4100,3
4100,3
4100,3
4100,3
4100,3
4300,3
4300,3
4300,3
4500,3
4700,3
4900,3
5100,3
5300,3
5500,3
5700,3
5900,3
6100,3
6300,3
6500,3
6700,3
6900,3
7100,3
7300,3
7500,3
7700,3
7900,3
8100,3
8300,3
8500,3
8700,3
8900,3
9100,3
9300,3
9500,3
9700,3
9900,3
10100,3
10300,3
10500,3
10700,3
10900,3
11100,3
11300,3
11500,3
11500,3
11500,3
11500,3
11500,3
11500,3
11500,3
11700,3
11900,3
12100,3
12100,3
12100,3
12300,3
12500,3
12700,3
12900,3
13100,3
13300,3
13500,3
13700,3
13900,3
14100,3
14300,3
14500,3
14700,3
14900,3
15100,3
15300,3
15500,3
15700,3
15900,3
16100,3
16300,3
16500,3
16700,3
16900,3
16900,3
16900,3
16900,3
16900,3
16900,3
16900,3
16900,3
16900,3
16900,3
16900,3
16900,3
16900,3
16900,3
17100,3
17100,3
16900,3
16900,3
16700,3
16500,3
16300,3
16100,3
15900,3
15700,3
15500,3
15300,3
15100,3
15100,3
14900,3
14700,3
14500,3
14300,3
14100,3
14100,3
14100,3
14100,3
14100,3
14100,3
14100,3
14100,3
14100,3
14100,3
14100,3
14100,3
14100,3
14100,3
14100,3
14100,3
14100,3
14100,3
14100,3
14100,3
14100,3
14100,3
14300,3
14300,3
14300,3
14500,3
14500,3
14700,3
14700,3
14700,3
14700,3
14700,3
14700,3
14700,3
14700,3
14700,3
14700,3
14700,3
14700,3
14700,3
14700,3
14700,3
14700,3
14700,3
14700,3
14900,3
15100,3
15100,3
15300,3
15500,3
15500,3
15700,3
15900,3
15900,3
15900,3
15900,3
15900,3
15900,3
15900,3
15900,3
15900,3
16100,3
16100,3
16100,3
16100,3
16100,3
16100,3
16100,3
16100,3
16100,3
16100,3
16100,3
16100,3
16100,3
16100,3
16100,3
16100,3
16100,3
16100,3
16100,3
16100,3
16100,3
16100,3
16100,3
16100,3
16100,3
16100,3
16100,3
16100,3
16300,3
16300,3
16300,3
16300,3
16300,3
16300,3
16300,3
16500,3
16500,3
16500,3
16700,3
16700,3
16700,3
16900,3
17100,3
17100,3
17100,3
17300,3
17500,3
17500,3
17700,3
17700,3
17900,3
18100,3
18100,3
18100,3
18100,3
18300,3
18300,3
18500,3
18500,3
18500,3
18700,3
18700,3
18900,3
18900,3
18900,3
18900,3
18900,3
19100,3
19100,3
19100,3
19100,3
19300,3
19300,3
19300,3
19300,3
19300,3
19500,3
19500,3
19500,3
19500,3
19700,3
19700,3
19700,3
19900,3
19900,3
19900,3
19900,3
19900,3
20000,3
20000,3
20000,3
20000,3
20000,3
20000,3
20000,3
20000,3
20000,3
20000,3
20000,3
19800,3
19800,3
19800,3
19600,3
19600,3
19600,3
19600,3
19600,3
19600,3
19600,3
19600,3
19600,3
19600,3
19600,3
19600,3
19600,3
19600,3
19600,3
19600,3
19600,3
19600,3
19600,3
19600,3
19600,3
19600,3
19600,3
19600,3
19600,3
19600,3
19600,3
19600,3
19600,3
19600,3
19600,3
19600,3
19600,3
19600,3
19600,3
19600,3
19600,3
19600,3
19600,3
19600,3
19600,3
19600,3
19600,3
19600,3
19600,3
19600,3
19600,3
19600,3
19600,3
19600,3
19600,3
19600,3
19600,3
19600,3
19600,3
19600,3
19600,3
19600,3
19600,3
19600,3
19600,3
19600,3
19600,3
19600,3
19600,3
19600,3
19600,3
19600,3
19600,3
19600,3
19600,3
19600,3
19600,3
19600,3
19600,3
19600,3
19600,3
19600,3
19600,3
19600,3
19600,3
19600,3
19600,3
19600,3
19600,3
19600,3
19600,3
19600,3
19600,3
19600,3
19600,3
19600,3
19600,3
19600,3
19600,3
19600,3
19600,3
19600,3
19600,3
19600,3
19600,3
19600,3
19600,3
19600,3
19600,3
19600,3
19600,3
19600,3
19600,3
19600,3
19600,3
19600,3
19600,3
19600,3
19600,3
19600,3
19600,3
19600,3
19600,3
19600,3
19600,3
19600,3
19600,3
19600,3
19600,3
19600,3
19600,3
19600,3
19600,3
19600,3
19600,3
19600,3
19600,3
19600,3
19600,3
19600,3
19600,3
19600,3
19600,3
19600,3
19600,3
19600,3
19600,3
19600,3
19600,3
19600,3
19600,3
19600,3
19600,3
19600,3
19600,3
19600,3
19600,3
19600,3
19600,3
19600,3
19600,3
19600,3
19400,3
19200,3
19000,3
18800,3
18600,3
18400,3
18200,3
18000,3
17800,3
17600,3
17400,3
17200,3
17000,3
17000,3
17000,3
16790,3
16580,3
16370,3
16160,3
15950,3
15740,3
15530,3
15320,3
15110,3
14900,3
14690,3
14480,3
14270,3
14060,3
13850,3
13640,3
13430,3
13220,3
13010,3
12800,3
12590,3
12380,3
12170,3
11960,3
11750,3
11540,3
11330,3
11120,3
10910,3
10700,3
10490,3
10280,3
10070,3
9860,3
9650,3
9440,3
9230,3
9020,3
8810,3
8600,3
8390,3
8180,3
7970,3
7970,3
7760,3
7550,3
7340,3
7130,3
7130,3
6920,3
6710,3
6500,3
6290,3
6290,3
6080,3
5870,3
5660,3
5450,3
5240,3
5240,3
5030,3
4820,3
4610,3
4400,3
4400,3
4400,3
4400,3
4400,3
4400,3
4400,3
4400,3
4400,3
4400,3
4400,3
4400,3
4400,3
4400,3
4400,3
4400,3
4610,3
4820,3
5030,3
5030,3
5240,3
5450,3
5450,3
5450,3
5660,3
5660,3
5660,3
5660,3
5660,3
5660,3
5870,3
5870,3
6080,3
6290,3
6290,3
6500,3
6710,3
6710,3
6920,3
6920,3
6920,3
6920,3
6920,3
6920,3
6920,3
6920,3
6920,3
6920,3
6920,3
6920,3
6920,3
6920,3
6920,3
6920,3
6920,3
6920,3
6920,3
6920,3
6920,3
6920,3
6920,3
6920,3
6920,3
6920,3
6920,3
6920,3
6920,3
7130,3
7130,3
7340,3
7550,3
7550,3
7760,3
7970,3
8180,3
8390,3
8600,3
8600,3
8810,3
9020,3
9230,3
9440,3
9650,3
9860,3
9860,3
10070,3
10280,3
10490,3
10700,3
10700,3
10910,3
11120,3
11330,3
11330,3
11540,3
11540,3
11540,3
11540,3
11540,3
11540,3
11540,3
11540,3
11540,3
11540,3
11540,3
11540,3
11540,3
11540,3
11540,3
11750,3
11750,3
11960,3
12170,3
12380,3
12590,3
12800,3
13010,3
13010,3
13220,3
13430,3
13640,3
13640,3
13640,3
13640,3
13640,3
13640,3
13640,3
13430,3
13430,3
13220,3
13220,3
13010,3
12800,3
12590,3
12380,3
12170,3
11960,3
11960,3
11960,3
11960,3
11960,3
11960,3
12170,3
12170,3
12380,3
12590,3
12800,3
13010,3
13010,3
13220,3
13430,3
13640,3
13850,3
13850,3
14060,3
14270,3
14270,3
14270,3
14270,3
14270,3
14270,3
14270,3
14270,3
14270,3
14270,3
14480,3
14690,3
14900,3
14900,3
15110,3
15320,3
15320,3
15530,3
15530,3
15530,3
15530,3
15530,3
15530,3
15740,3
15950,3
15950,3
15950,3
16160,3
16160,3
16160,3
16160,3
16160,3
16160,3
15950,3
15740,3
15530,3
15320,3
15320,3
15110,3
14900,3
14690,3
14690,3
14480,3
14270,3
14270,3
14060,3
14060,3
14060,3
14060,3
14270,3
14270,3
14480,3
14690,3
14900,3
14900,3
15110,3
15320,3
15320,3
15530,3
15740,3
15740,3
15950,3
15950,3
16160,3
16370,3
16580,3
16790,3
16790,3
17000,3
17000,3
17000,3
17000,3
17000,3
17000,3
17000,3
17000,3
17000,3
17000,3
17000,3
17000,3
17000,3
17000,3
17000,3
17000,3
17000,3
17000,3
17000,3
17000,3
17000,3
17000,3
17000,3
17000,3
17000,3
17000,3
17000,3
17000,3
17000,3
17000,3
17000,3
17000,3
17000,3
17000,3
17000,3
17000,3
17000,3
17000,3
17000,3
17000,3
17000,3
17000,3
17000,3
17000,3
17000,3
17000,3
17000,3
17000,3
17000,3
17000,3
17210,3
17420,3
17420,3
17420,3
17420,3
17420,3
17420,3
17420,3
17420,3
17420,3
17420,3
17420,3
17630,3
17840,3
17840,3
17840,3
17840,3
17840,3
17840,3
17840,3
17840,3
17840,3
17840,3
18050,3
18260,3
18260,3
18260,3
18260,3
18260,3
18260,3
18260,3
18260,3
18470,3
18680,3
18680,3
18680,3
18680,3
18680,3
18680,3
18680,3
18680,3
18680,3
18680,3
18680,3
18890,3
18890,3
18890,3
18890,3
19100,3
19100,3
19100,3
19100,3
19100,3
19100,3
19100,3
19100,3
19100,3
19100,3
19100,3
19100,3
19100,3
18890,3
18890,3
18680,3
18680,3
18470,3
18260,3
18050,3
18050,3
17840,3
17840,3
17840,3
17840,3
17840,3
17840,3
17840,3
17840,3
17840,3
17840,3
17840,3
17840,3
18050,3
18050,3
18050,3
18050,3
18050,3
18050,3
18050,3
18050,3
18050,3
18050,3
18050,3
18050,3
17840,3
17840,3
17840,3
17840,3
17840,3
17840,3
17840,3
17840,3
17840,3
17840,3
18050,3
18050,3
18050,3
18050,3
18050,3
18050,3
18050,3
18050,3
18050,3
18050,3
18050,3
18050,3
18050,3
18050,3
18050,3
18050,3
18050,3
18050,3
18050,3
18050,3
18050,3
18050,3
18050,3
18050,3
18050,3
18050,3
18050,3
18050,3
18050,3
18050,3
18050,3
18050,3
18260,3
18260,3
18260,3
18260,3
18260,3
18260,3
18260,3
18260,3
18260,3
18260,3
18260,3
18260,3
18260,3
18260,3
18260,3
18260,3
18260,3
18260,3
18260,3
18260,3
18260,3
18260,3
18260,3
18260,3
18260,3
18260,3
18260,3
18260,3
18260,3
18260,3
18260,3
18260,3
18260,3
18260,3
18260,3
18260,3
18260,3
18260,3
18260,3
18260,3
18260,3
18260,3
18260,3
18260,3
18260,3
18260,3
18260,3
18260,3
18260,3
18260,3
18260,3
18260,3
18260,3
18260,3
18260,3
18260,3
18260,3
18260,3
18260,3
18260,3
18260,3
18260,3
18260,3
18260,3
18260,3
18260,3
18260,3
18260,3
18260,3
18260,3
18260,3
18260,3
18260,3
18260,3
18260,3
18260,3
18260,3
18260,3
18260,3
18260,3
18260,3
18260,3
18260,3
18260,3
18260,3
18260,3
18260,3
18260,3
18260,3
18260,3
18260,3
18260,3
18260,3
18260,3
18260,3
18260,3
18260,3
18260,3
18260,3
18260,3
18260,3
18260,3
18260,3
18260,3
18260,3
18260,3
18260,3
18260,3
18260,3
18260,3
18260,3
18260,3
18260,3
18260,3
18260,3
18260,3
18260,3
18260,3
18260,3
18260,3
18260,3
18260,3
18260,3
18260,3
18260,3
18260,3
18260,3
18260,3
18260,3
18260,3
18260,3
18260,3
18260,3
18260,3
18260,3
18260,3
18260,3
18260,3
18260,3
18260,3
18260,3
18260,3
18260,3
18260,3
18260,3
18260,3
18260,3
18260,3
18260,3
18260,3
18260,3
18260,3
18260,3
18260,3
18260,3
18260,3
18260,3
18260,3
18260,3
18260,3
18260,3
18260,3
18260,3
18260,3
18260,3
18260,3
18260,3
18260,3
18260,3
18260,3
18260,3
18260,3
18260,3
18260,3
18260,3
18260,3
18260,3
18260,3
18260,3
18260,3
18260,3
18260,3
18260,3
18260,3
18260,3
18260,3
18260,3
18260,3
18260,3
18260,3
18260,3
18260,3
18260,3
18260,3
18260,3
18260,3
18260,3
18260,3
18260,3
18260,3
18260,3
18260,3
18260,3
18260,3
18260,3
18260,3
18260,3
18260,3
18260,3
18260,3
18260,3
18260,3
18260,3
18260,3
18260,3
18260,3
18260,3
18260,3
18260,3
18260,3
18260,3
18260,3
18260,3
18260,3
18260,3
18260,3
18260,3
18260,3
18260,3
18050,3
18050,3
17840,3
17630,3
17420,3
17420,3
17420,3
17420,3
17210,3
17000,3
17000,3
16790,3
16790,3
16580,3
16370,3
16160,3
16160,3
15950,3
15740,3
15530,3
15530,3
15530,3
15530,3
15530,3
15530,3
15530,3
15320,3
15320,3
15110,3
14900,3
14690,3
14690,3
14480,3
14270,3
14060,3
13850,3
13640,3
13640,3
13430,3
13220,3
13010,3
13010,3
12800,3
12800,3
12590,3
12590,3
12380,3
12170,3
11960,3
11960,3
11750,3
11540,3
11330,3
11120,3
10910,3
10700,3
10490,3
10280,3
10070,3
9860,3
9650,3
9650,3
9440,3
9230,3
9020,3
8810,3
8600,3
8390,3
8390,3
8180,3
7970,3
7760,3
7550,3
7340,3
7130,3
6920,3
6710,3
6500,3
6290,3
6290,3
6080,3
5870,3
5660,3
5450,3
5240,3
5030,3
4820,3
4820,3
4610,3
4400,3
4190,3
3980,3
3770,3
3560,3
3350,3
3140,3
2930,3
2930,3
2720,3
2510,3
2300,3
2090,3
1880,3
1670,3
1460,3
1460,3
1250,3
1040,3
830,3
620,3
620,3
620,3
620,3
620,3
410,3
410,3
410,3
200,3
200,3
200,3
200,3
200,3
200,3
200,3
200,3
200,3
200,3
200,3
200,3
200,3
200,3
200,3
200,3
200,3
200,3
200,3
200,3
200,3
200,3
200,3
200,3
200,3
200,3
200,3
200,3
200,3
200,3
200,3
200,3
200,3
200,3
200,3
200,3
200,3
200,3
200,3
200,3
200,3
200,3
200,3
200,3
200,3
200,3
200,3
200,3
200,3
200,3
200,3
200,3
200,3
200,3
200,3
200,3
200,3
200,3
200,3
200,3
200,3
200,3
200,3
200,3
200,3
200,3
200,3
200,3
200,3
200,3
200,3
200,3
200,3
200,3
200,3
200,3
200,3
200,3
200,3
200,3
200,3
200,3
200,3
200,3
200,3
200,3
200,3
200,3
200,3
200,3
200,3
200,3
200,3
200,.15
574,.15
948,.15
1322,.15
1696,.15
2070,.15
2444,.15
2818,.15
3192,.15
3566,.15
3940,.15
4314,.15
4688,.15
5062,.15
5436,.15
5810,.15
6184,.15
6558,.15
6932,.15
7306,.15
7676,.15
7302,.15
6928,.15
6554,.15
6180,.15
5806,.15
5432,.15
5058,.15
4684,.15
4310,.15
3936,.15
3562,.15
3188,.15
2814,.15
2440,.15
2066,.15
1692,.15
1318,.15
944,.15
570,.15
200,3
200,3
200,3
200,.15
497,.15
794,.15
1091,.15
1388,.15
1685,.15
1982,.15
2279,.15
2576,.15
2873,.15
3170,.15
3467,.15
3764,.15
4061,.15
4358,.15
4655,.15
4952,.15
5249,.15
5546,.15
5843,.15
6140,.15
6141,.15
5844,.15
5547,.15
5250,.15
4953,.15
4656,.15
4359,.15
4062,.15
3765,.15
3468,.15
3171,.15
2874,.15
2577,.15
2280,.15
1983,.15
1686,.15
1389,.15
1092,.15
795,.15
498,.15
201,.15
200,3
200,3
200,3
200,.15
420,.15
640,.15
860,.15
1080,.15
1300,.15
1520,.15
1740,.15
1960,.15
2180,.15
2400,.15
2620,.15
2840,.15
3060,.15
3280,.15
3500,.15
3720,.15
3940,.15
4160,.15
4380,.15
4600,.15
4606,.15
4386,.15
4166,.15
3946,.15
3726,.15
3506,.15
3286,.15
3066,.15
2846,.15
2626,.15
2406,.15
2186,.15
1966,.15
1746,.15
1526,.15
1306,.15
1086,.15
866,.15
646,.15
426,.15
206,.15
200,3
200,3
200,3
200,3
200,3
200,.15
651,.15
1102,.15
1553,.15
2004,.15
2455,.15
2906,.15
3357,.15
3808,.15
4259,.15
4710,.15
5161,.15
5612,.15
6063,.15
6514,.15
6965,.15
7416,.15
7867,.15
8318,.15
8769,.15
9212,.15
8761,.15
8310,.15
7859,.15
7408,.15
6957,.15
6506,.15
6055,.15
5604,.15
5153,.15
4702,.15
4251,.15
3800,.15
3349,.15
2898,.15
2447,.15
1996,.15
1545,.15
1094,.15
643,.15
200,3
200,3
200,3
200,3
200,3
200,3
200,3
200,3
200,3
200,3
200,3
200,3
200,3
200,3
200,3
200,3
200,3
200,3
200,3
200,3
200,3
200,3
200,3
200,3
200,3
200,3
200,3
200,3
200,3
200,3
200,3
200,3
200,3
200,3
200,3
200,3
200,3
200,3
200,3
200,3
200,3
200,3
200,3
200,3
200,3
200,3
200,3
200,3
200,3
200,3
200,3
200,3
200,3
200,3
200,3
200,3
200,3
200,3
200,3
200,3
200,3
200,3
200,3
200,3
200,3
200,3
200,3
200,3
200,3
200,3
200,3
200,3
200,3
200,3
200,3
200,3
200,3
200,3
200,3
200,3
200,3
200,3
200,3
200,3
200,3
200,3
200,3
200,3
200,3
200,3
200,3
200,3
200,3
200,3
200,3
200,3
200,3
200,3
200,3
200,3
200,3
200,3
200,3
200,3
200,3
200,3
